3 4 5 1 5 7
1 5 7 3 5 6
1 5 7 1 5 7
3 4 5 1 5 7
1 5 7 3 5 6
1 5 7 1 5 7
3 4 5 1 5 7
1 5 7 3 5 6
1 5 7 1 5 7
3 4 5 1 5 7
1 5 7 3 5 6
1 5 7 1 5 7
3 4 5 1 5 7
1 5 7 3 5 6
1 5 7 1 5 7
3 4 5 1 5 7
1 5 7 3 5 6
1 5 7 1 5 7
3 4 5 1 5 7
1 5 7 3 5 6
1 5 7 1 5 7
3 4 5 1 5 7
1 5 7 3 5 6
1 5 7 1 5 7
3 4 5 1 5 7
1 5 7 3 5 6
1 5 7 1 5 7
3 4 5 1 5 7
1 5 7 3 5 6
1 5 7 1 5 7
3 4 5 1 5 7
1 5 7 3 5 6
1 5 7 1 5 7
3 4 5 1 5 7
1 5 7 3 5 6
1 5 7 1 5 7
3 4 5 1 5 7
1 5 7 3 5 6
1 5 7 1 5 7
3 4 5 1 5 7
1 5 7 3 5 6
1 5 7 1 5 7
3 4 5 1 5 7
1 5 7 3 5 6
1 5 7 1 5 7
3 4 5 1 5 7
1 5 7 3 5 6
1 5 7 1 5 7
3 4 5 1 5 7
1 5 7 3 5 6
1 5 7 1 5 7
3 4 5 1 5 7
1 5 7 3 5 6
1 5 7 1 5 7
3 4 5 1 5 7
1 5 7 3 5 6
1 5 7 1 5 7
3 4 5 1 5 7
1 5 7 3 5 6
1 5 7 1 5 7
3 4 5 1 5 7
1 5 7 3 5 6
1 5 7 1 5 7
3 4 5 1 5 7
1 5 7 3 5 6
1 5 7 1 5 7
3 4 5 1 5 7
1 5 7 3 5 6
1 5 7 1 5 7
3 4 5 1 5 7
1 5 7 3 5 6
1 5 7 1 5 7
3 4 5 1 5 7
1 5 7 3 5 6
1 5 7 1 5 7
3 4 5 1 5 7
1 5 7 3 5 6
1 5 7 1 5 7
3 4 5 1 5 7
1 5 7 3 5 6
1 5 7 1 5 7
3 4 5 1 5 7
1 5 7 3 5 6
1 5 7 1 5 7
3 4 5 1 5 7
1 5 7 3 5 6
1 5 7 1 5 7
3 4 5 1 5 7
1 5 7 3 5 6
1 5 7 1 5 7
3 4 5 1 5 7
1 5 7 3 5 6
1 5 7 1 5 7
3 4 5 1 5 7
1 5 7 3 5 6
1 5 7 1 5 7
3 4 5 1 5 7
1 5 7 3 5 6
1 5 7 1 5 7
3 4 5 1 5 7
1 5 7 3 5 6
1 5 7 1 5 7
3 4 5 1 5 7
1 5 7 3 5 6
1 5 7 1 5 7
3 4 5 1 5 7
1 5 7 3 5 6
1 5 7 1 5 7
3 4 5 1 5 7
1 5 7 3 5 6
1 5 7 1 5 7
3 4 5 1 5 7
1 5 7 3 5 6
1 5 7 1 5 7
3 4 5 1 5 7
1 5 7 3 5 6
1 5 7 1 5 7
3 4 5 1 5 7
1 5 7 3 5 6
1 5 7 1 5 7
3 4 5 1 5 7
1 5 7 3 5 6
1 5 7 1 5 7
3 4 5 1 5 7
1 5 7 3 5 6
1 5 7 1 5 7
3 4 5 1 5 7
1 5 7 3 5 6
1 5 7 1 5 7
3 4 5 1 5 7
1 5 7 3 5 6
1 5 7 1 5 7
3 4 5 1 5 7
1 5 7 3 5 6
1 5 7 1 5 7
3 4 5 1 5 7
1 5 7 3 5 6
1 5 7 1 5 7
3 4 5 1 5 7
1 5 7 3 5 6
1 5 7 1 5 7
3 4 5 1 5 7
1 5 7 3 5 6
1 5 7 1 5 7
3 4 5 1 5 7
1 5 7 3 5 6
1 5 7 1 5 7
3 4 5 1 5 7
1 5 7 3 5 6
1 5 7 1 5 7
3 4 5 1 5 7
1 5 7 3 5 6
1 5 7 1 5 7
3 4 5 1 5 7
1 5 7 3 5 6
1 5 7 1 5 7
3 4 5 1 5 7
1 5 7 3 5 6
1 5 7 1 5 7
3 4 5 1 5 7
1 5 7 3 5 6
1 5 7 1 5 7
3 4 5 1 5 7
1 5 7 3 5 6
1 5 7 1 5 7
